,Id,LotFrontage,LotArea,LandSlope,Neighborhood,OverallQual,OverallCond,YearBuilt,YearRemodAdd,MasVnrArea,ExterQual,ExterCond,BsmtQual,BsmtCond,BsmtExposure,BsmtFinType1,BsmtFinSF1,BsmtFinType2,BsmtFinSF2,BsmtUnfSF,TotalBsmtSF,HeatingQC,CentralAir,Electrical,1stFlrSF,2ndFlrSF,LowQualFinSF,GrLivArea,BsmtFullBath,BsmtHalfBath,FullBath,HalfBath,BedroomAbvGr,KitchenAbvGr,KitchenQual,TotRmsAbvGrd,Functional,Fireplaces,FireplaceQu,GarageYrBlt,GarageFinish,GarageCars,GarageArea,GarageQual,GarageCond,PavedDrive,WoodDeckSF,OpenPorchSF,EnclosedPorch,3SsnPorch,ScreenPorch,PoolArea,PoolQC,Fence,MiscVal,MoSold,YrSold,Story_Count,Age_Category,PUD_Flag,LotConfig_Corner,LotConfig_CulDSac,LotConfig_FR2,LotConfig_FR3,LotConfig_Inside,MSZoning_C (all),MSZoning_FV,MSZoning_RH,MSZoning_RL,MSZoning_RM,LotShape_IR1,LotShape_IR2,LotShape_IR3,LotShape_Reg,LandContour_Bnk,LandContour_HLS,LandContour_Low,LandContour_Lvl,BldgType_1Fam,BldgType_2fmCon,BldgType_Duplex,BldgType_Twnhs,BldgType_TwnhsE,HouseStyle_1.5Fin,HouseStyle_1.5Unf,HouseStyle_1Story,HouseStyle_2.5Fin,HouseStyle_2.5Unf,HouseStyle_2Story,HouseStyle_SFoyer,HouseStyle_SLvl,RoofStyle_Gable,RoofStyle_Hip,RoofStyle_Other,Exterior1st_AsbShng,Exterior1st_BrkFace,Exterior1st_CemntBd,Exterior1st_HdBoard,Exterior1st_MetalSd,Exterior1st_Other,Exterior1st_Plywood,Exterior1st_Stucco,Exterior1st_VinylSd,Exterior1st_Wd Sdng,Exterior1st_WdShing,Exterior2nd_AsbShng,Exterior2nd_BrkFace,Exterior2nd_CmentBd,Exterior2nd_HdBoard,Exterior2nd_MetalSd,Exterior2nd_Other,Exterior2nd_Plywood,Exterior2nd_Stucco,Exterior2nd_VinylSd,Exterior2nd_Wd Sdng,Exterior2nd_Wd Shng,MasVnrType_BrkCmn,MasVnrType_BrkFace,MasVnrType_None,MasVnrType_Stone,Foundation_BrkTil,Foundation_CBlock,Foundation_Other,Foundation_PConc,Foundation_Slab,GarageType_Modified_2Types,GarageType_Modified_Attchd,GarageType_Modified_BuiltIn,GarageType_Modified_Detchd,GarageType_Modified_Other
Id,1.0,-0.003380635866879154,-0.03322551858568489,-0.005846917268810754,-0.012464307540267547,-0.02836475393753434,0.012608924775956007,-0.012712715387864986,-0.021997641857531836,-0.051071401340883595,0.005038830639348179,0.029859670348793794,-0.028424516500401894,0.010085420162205875,0.017319964191730743,-0.016882059620113042,-0.005024049041660634,-0.03061489286957577,-0.005967671960281634,-0.00793970335771754,-0.015414566107910893,-0.015001267653034845,0.009820683641931137,0.04123788824633237,0.010496040954084821,0.00558984888615958,-0.044229958086591345,0.008272757661808128,0.002288555600834356,-0.020154745215534176,0.005587452907355486,0.00678381128429732,0.0377185542232123,0.0029512363577300065,0.01497313463141576,0.02723872440945842,0.000290461268102468,-0.019771632442393414,0.0017599961513691063,0.0007426944894266033,0.013820855770700446,0.016569677112146013,0.017633778453767134,0.013912396437915843,0.008607424516231107,0.012730258698252268,-0.029643197156402474,-0.00047691132479123113,0.002889217865750168,-0.046634788867427585,0.0013302086301727974,0.057043904789252316,0.04401203860498773,0.0057216976565335614,-0.006242404848302423,0.021172176550393367,0.0007117940172075315,0.012316465359393531,-0.023266886713758938,0.009329405690973054,-0.054832201624469966,-0.0039728287313275925,0.01580380516776164,0.017721563760699114,0.04085159496360667,-0.024689081822491205,-0.012020050685003307,0.032452545724505184,0.031034403955312286,-0.032379365715387964,-0.025725458608187913,-0.03761108287553498,0.04254088400220155,0.03074809739529119,0.015039823135209785,0.01679968582200491,-0.008844515975126407,-0.015656885293309948,-0.017741004716513315,-0.022777169966541503,0.02817381090709856,-0.003186414347715665,0.019291782199166958,0.019908573303141715,-0.06185097329308174,-0.011733531152086599,-0.019658982058381774,-0.001287353758467424,-0.010656535172216312,0.025690559233532376,0.03980287514604634,-0.030540006799287655,0.040840417017124916,-0.024147174258048555,0.008696249870954959,0.006853914375254126,0.006314871128400386,0.010590511031926429,0.03028175179597227,0.0481703666960839,-0.022464988886768338,-0.0071716222384323675,-0.008072491314008575,-0.02618429774146556,-0.012865400227185905,0.021656738022683673,0.014712786583473922,0.010945349489868897,0.022900494551575036,0.019771667911261726,0.02094631736899759,-0.024482748862348674,-0.006598586362940605,-0.016632815087194535,-0.02487500908795409,0.0008267634930729879,-0.04037873630466207,-0.03642497983744957,0.028211398099950418,0.02476037774215605,0.0037377723699114664,-0.004645934329731364,0.023991248987705452,-0.005419159033027213,0.01569471360299195,-0.0037596009965901716,0.0040237270711643465,-0.015589255997748224,0.0039194776416523495,0.024338162346328185
LotFrontage,-0.003380635866879154,1.0,0.33595746098316337,-0.08686737956002849,0.24669118812891075,0.23954600418366717,-0.04359468718969218,0.12099873078612405,0.08454984078992271,0.19582972842815746,0.166856906880183,-0.0061237807052048196,0.1432062538149714,0.05475406337906894,0.16746891471475003,0.09251292111054464,0.23257631440512172,0.032030247692116945,0.052237321988565996,0.11917412467144736,0.3810384740502708,0.09235429538048152,0.07789018471642126,0.06798755782336084,0.43410901393686674,0.0756858965636419,0.031873275390576584,0.38519048675604994,0.10722573382638459,0.006620069374570759,0.18656118389500112,0.054190304439498224,0.24523230021514708,-0.005626854285606468,0.1750792115387998,0.33261942829209096,0.026987438643092287,0.2492948739722977,0.23367129190370092,0.06327641308444996,0.2176661593831589,0.28139331386014865,0.3390851771308479,0.11552869198903598,0.11075438953985811,0.09162604157508318,0.08873629767952539,0.14173367505734832,0.008056664084360609,0.06465449202510036,0.04106270279370956,0.17456670713124897,0.22815218952575184,0.03650276684561933,0.0053320164274498864,0.0073703269809950265,0.004755612409075319,-0.02323296885613649,0.13320926775450861,-0.42528468368258726,0.23172308271950912,-0.04290620585253942,-0.025504260007361886,0.0012863673665769195,-0.16510229915012783,-0.001850423434645337,-0.08648388513467917,-0.05007934877365134,0.3381543554946749,-0.322457935888201,0.14017235667490166,0.04341338175346466,0.17461579716142908,-0.18172497902094642,0.03313357556753682,0.06617641221626751,0.06033105400033861,-0.09290314424617703,0.3875004200063854,-0.020804163238597333,0.01394573644399191,-0.32719181207744624,-0.3275570701179426,-0.0906619798165779,-0.06920287777676458,0.06686539308350689,0.02830270050241993,-0.036098323494570365,0.009399258259350271,-0.07383022234044083,0.045912588310826105,-0.18300446985720858,0.17053572439809153,0.053412005842339814,-0.03928327902930426,0.03132613611582998,-0.08917742506565993,0.02523645367064114,-0.1175630040152442,0.035198730508751344,0.016272730977120026,0.04379450885467261,0.06518167504577796,0.031575236148914936,-0.03630357318678642,-0.043487702185743986,0.006594434095277424,-0.0835461482822538,0.015645007442700507,-0.1202770251826415,-0.017998968908399568,0.07511020650689237,0.038524823713755284,0.07294186720726323,0.028578954058545727,-0.07224476656373639,0.02211345223958913,0.08587269149039697,-0.13655117960940186,0.0891483094523157,-0.13751541791408287,0.03388794791367699,0.03520052145150033,0.05007041707321518,-0.024932326369023896,-0.00248174153475353,0.22742676595977795,0.06486724042276278,-0.24984272888130124,0.04852979956050252
LotArea,-0.03322551858568489,0.33595746098316337,1.0,-0.43686801153335114,0.15348700449176272,0.10580574175496424,-0.005636270274099283,0.014227651757025108,0.013788427078155405,0.10332050563046022,0.05557005342864088,0.014731971620469762,0.07233553751949941,0.031349186820972645,0.22882995887529953,0.0589952438524527,0.21410313070557713,0.08662945561030568,0.11116974549624868,-0.002618359950095434,0.2608331345451572,0.0035811094162387425,0.04975493824508253,0.04576534791907895,0.29947457850776266,0.05098594829349375,0.004778969866349549,0.26311616716714803,0.15815453106001473,0.04804557088829686,0.1260306265196436,0.01425946856643191,0.11968990815131544,-0.017783870504842043,0.06786351851282843,0.190014777625409,-0.021050006430100996,0.27136400962454194,0.18533215076106907,-0.019671099744395234,0.1247560997887132,0.15487073975354074,0.18040275515111684,0.07931311436416143,0.07609717507408334,0.01932524590418659,0.17169768725711246,0.08477380884021635,-0.018339733672212352,0.020422829586133406,0.04316037769525202,0.07767239188017444,0.09138095017275075,-0.033623798779146334,0.038067692019183356,0.0012049882225877422,-0.01426140729855022,-0.006983218220272048,0.02248796151914369,-0.21231285303504158,0.0427219226711113,0.17943979139769697,-0.002166945808395652,-0.009511078489306162,-0.13277307653979614,-0.008452226662878282,-0.08389514543324936,-0.03309189651429292,0.20406490164679553,-0.17370875869418875,0.09723466122518881,0.22516000429496244,0.2565258667667156,-0.21611147404615721,0.028095011048892265,0.08960498074516622,0.35947456730329824,-0.2568427836469782,0.16355351362663606,0.07776661378523912,-0.015346054256382647,-0.14186293626488658,-0.1677172636765601,0.032068044945506954,-0.033510506228961345,0.012716556075885442,0.014516042886206844,-0.011906883978342853,-0.01271878784334193,-0.0459610257938511,0.0004523709259922258,-0.11187345890468359,0.08711228963136239,0.07841614981562797,-0.03257584083462464,0.08383855480184065,-0.027588574486489,-0.010125633554488988,-0.08042767051038445,0.0034366231249393624,0.1112052563436941,0.014606425574969824,-0.04529199528586145,0.048945336565786826,-0.0012641408249858279,-0.025338479257235008,0.10450238520808865,-0.043004820327544234,0.020272018800417253,-0.08088925455091667,-0.019524343881902828,0.12678180831199362,0.016711817890067676,-0.04047795313037832,0.008122463378115058,-0.007627125684156144,0.11588407874934886,-0.016388155189141867,-0.030546591732178274,0.0383279640152555,-0.045355708869664724,0.0663396418307261,-0.0027577399437622558,-0.033726745683643436,-0.018128937544168354,0.043358381711002245,0.12283897039200106,0.03755227102733287,-0.12609449727860697,0.004424414289803681
LandSlope,-0.005846917268810754,-0.08686737956002849,-0.43686801153335114,1.0,-0.019448640446083125,0.06644962996136966,-0.010354519973040583,0.07363916677404386,0.059104500753294355,0.021082932095553186,0.0865248310763978,0.03960981320327541,0.007085075541288567,-0.026608375497923907,-0.2618825585407532,-0.051000436880139846,-0.11383419449908846,-0.07646544509693799,-0.08551838469623813,0.11645649366815952,-0.03249800113691372,0.0574441109933844,0.010848598538159693,-0.0020727619800594926,-0.06832290500497391,0.009255411022848839,-0.01388780674673858,-0.043860467279893095,-0.11616452778425188,-0.07029914156002333,0.04693576082981326,-0.0007806567216964458,0.04819640284383302,0.0364674006309268,0.0394735353438748,0.033768160870145114,0.09794459948471342,-0.12399473838394595,-0.05192178724079615,0.0777750190409997,0.02538288074958486,0.0026834619178455832,-0.004825527658675952,0.005954913483786306,0.015894767751327563,0.024652734406939967,-0.09515593665922843,0.032621587876326776,0.00884297441876654,-0.008694244539221482,-0.052976042993005276,0.01550483559870354,0.014399812584740308,0.04342979658495262,0.003518409630202071,-0.007071686658055938,0.0023046324157224986,0.028286720634040807,0.05641237336490148,0.035531509336223115,0.021895990037012883,-0.0822749558101671,0.041166168620261026,0.01183073996257465,0.008677564892616165,-0.07147706019164511,0.04872279290236533,-6.527360689469144e-05,-0.050155157886292594,0.045847634819878025,-0.06761615895477747,-0.12678443358479885,-0.041403138612451845,0.11662007160339546,-0.15958438856290563,-0.23027329394495175,-0.5399094290633972,0.5220447495136108,-0.0398799793428933,-0.05278436598005301,0.029993800883011516,0.039319854604471315,0.03795447524205454,-0.011316050808401031,-0.0032425448224948504,-0.02356072798569772,-0.05044678067329684,0.019666394669146083,0.03090957241664507,0.036396616491713836,-0.011408464610275122,0.054726002752792144,0.017661735107036645,-0.19930767332346228,0.026600901335656527,-0.052967528465228356,-0.002453834545629669,0.0057817006827597574,-0.02279503496205702,0.015666746398002813,-0.1162693020028661,-0.027566228614528253,0.13548264148957676,-0.06526797652948411,0.030393078997953703,0.026600901335656322,-0.0658053675952517,0.02173778464189044,-0.007807176942933398,-0.025679363495610574,0.012572203128879893,-0.08495890794434591,-0.02587136986554475,0.1325860172963596,-0.07057658214121822,0.005740660814146071,-0.050795936505750476,0.06862847750298673,-0.05385782796095233,-0.00019222686773599765,0.009094789227309177,-0.06747517761534118,-0.04560288302429036,0.06654258591844811,0.009673350712687786,-0.06304404849342726,0.02136095869114626,0.02589823067995792,0.006301073480074498,-0.0950340587700804
Neighborhood,-0.012464307540267547,0.24669118812891075,0.15348700449176272,-0.019448640446083125,1.0,0.6853600684241401,-0.21495128374950892,0.6246281398230866,0.49617037121613794,0.4173113784590172,0.6570012561901903,-0.06138929139404042,0.5545779738911603,0.15721666563844883,0.2660068432975944,0.26402147764705997,0.25593783619292404,-0.05362398131132308,-0.05006535626710624,0.2168866012699809,0.4661244401229582,0.4193625216210349,0.22131125396517684,0.19887215014522738,0.4168410205862771,0.18529787407014195,-0.07987760417297857,0.4532034509228398,0.1536175830826686,-0.05192113892107821,0.49406870977073336,0.2186714526403894,0.025561041302036593,-0.12794790728195513,0.5802989170708895,0.3089533311385355,0.12845960114013635,0.3162701767527559,0.40820005197324766,0.5423133526410072,0.5023629865323026,0.5676005238394811,0.5261377956096335,0.2275946169005036,0.22809274592376605,0.22131198716113545,0.2498894166749659,0.20485504434583024,-0.16531325752279688,0.01771555638666712,0.01022422006290002,-0.00034403201931202396,0.005912769938024098,-0.19518473556997407,-0.04568350772522535,0.057253876176152636,-0.020773772302030685,-0.006546804471319576,0.3999027892819307,0.14479038412407527,-0.0305656984498902,0.10562027938009114,0.05534421236581791,0.05787295469952753,-0.06010358137318824,-0.11040997695090175,0.16360418934996923,-0.03136127953084523,0.2874180753525582,-0.3893800853354061,0.24040097561738152,0.09397218783494489,-0.0012363437212741296,-0.2668836537298178,-0.11159924691177976,0.10329542784089521,0.045260780037907615,-0.01033283600386406,0.003641589328499839,-0.10839065148291273,-0.10174433505994895,-0.033621956647432165,0.1446765459506666,-0.2274856424995771,-0.0764818964369507,0.026880762658047237,-0.04455870650356727,-0.07139815673224341,0.21544080689560893,-0.10291996706676458,-0.046755425211534925,-0.12422548814017666,0.14975403221570396,-0.0545109224169664,-0.10862392402382857,-0.0399870244408164,0.033741543333135234,-0.04414273792597911,-0.13122973369880356,0.005849344125340121,-0.04329967457251765,-0.07703003441602795,0.3743181554812173,-0.2198653580309551,-0.04122750711865314,-0.09395068717292947,-0.019129315462627437,0.032590451330401615,-0.024715272925140766,-0.1243866687177802,0.009892391838258052,-0.06953110604076362,-0.07571797298849244,0.36155869215981223,-0.2367745269945563,-0.013643507994596571,-0.05413703791165704,0.21448487868050498,-0.3645765358354457,0.3024354141558526,-0.24945935430825705,-0.3900110332120733,-0.029186855032089343,0.5639820861182498,-0.07650699633447589,-0.008403661358321988,0.34794032237211037,0.1922490268116207,-0.35692226091863755,-0.0791649412752341
OverallQual,-0.02836475393753434,0.23954600418366717,0.10580574175496424,0.06644962996136966,0.6853600684241401,1.0,-0.09193234263907182,0.5723227689623621,0.5506839241941718,0.4072521235240135,0.7262784907641406,0.013952861150374174,0.629379114364113,0.26875855907447666,0.2965168412331979,0.23250262419484513,0.23966596617889113,-0.04434930183844622,-0.0591186926706899,0.3081589269056431,0.5378084986123908,0.45708254828660955,0.2720384241063773,0.23710239134692226,0.47622382907817795,0.2954928791997097,-0.030429283979605027,0.5930074300286513,0.11109778614230245,-0.040150157669988314,0.5505997093682545,0.27345809864277026,0.1016763562417855,-0.18388223454922162,0.6733307811877889,0.4274523432779896,0.14975896824172158,0.39676503795208906,0.4907878179780748,0.5257559845490851,0.556863446059059,0.6006707165907149,0.5620217566126084,0.292399241366052,0.2869550382941626,0.21410262496194843,0.23892339224918607,0.3088188233594525,-0.11393685859568167,0.03037056713526453,0.06488636049351543,0.06516584360589199,0.08527788688766685,-0.17173599279949228,-0.031406210500746524,0.07081517178517335,-0.02734670832782546,0.0972046171655432,0.35000260796545296,0.14049581226495958,-0.007889408394404836,0.07602724857610942,0.012159489734345781,0.04362479713023736,-0.04469144119623516,-0.13210861359368445,0.17185425194551232,-0.06466554026206718,0.1269723522307503,-0.19551518486767872,0.16936402812377743,0.07775260615906639,0.04208879218509477,-0.19933454104216294,-0.08352310400195763,0.10361149626300871,-0.046562920169085815,0.01767153704613905,0.035871845955101914,-0.12398878761884105,-0.15815576637058795,-0.0037230561956911623,0.12866159155057083,-0.17305066828527538,-0.042654293684617546,-0.11008701966903206,0.014801386541661235,0.02811645028168821,0.2796158727471224,-0.09039046361911635,-0.027516752321944275,-0.1598379566148779,0.18049557994754242,-0.037589591751729844,-0.1363312658326574,-0.024424175870390395,0.11375270610674904,-0.08836821405718939,-0.17289867590850583,-0.026502354099830223,-0.05437547115089998,-0.005662872404970036,0.3492595188875747,-0.15292824867078472,-0.04338675689725314,-0.1278069125942985,-0.0018440300441125085,0.11989496602876995,-0.06754489984801024,-0.1656439221663019,-0.02089229952568141,-0.1105211178200969,-0.02840280300724972,0.3521516772760228,-0.15887845665808942,-0.0024083060541861883,-0.06136221740531176,0.22472693377884884,-0.38951204466381734,0.33158350445588547,-0.15770917043752833,-0.42976089877047136,-0.005657575798245099,0.568210671646071,-0.16903243536385104,-0.05107910618904613,0.35799400349936245,0.19829927240633716,-0.3372273341381787,-0.078677658362465
OverallCond,0.012608924775956007,-0.04359468718969218,-0.005636270274099283,-0.010354519973040583,-0.21495128374950892,-0.09193234263907182,1.0,-0.37598319560698945,0.07374149814528898,-0.1256936336195368,-0.13894225490810438,0.38916311389974595,-0.16499645565460486,0.13236080442287182,-0.05673150169761499,-0.014478685420616966,-0.046230855918224935,0.10167355044866719,0.04022916989976753,-0.13684056989352247,-0.17109751462492176,-0.014104704785778702,0.11896942542421739,0.09725150800568383,-0.14420278404905912,0.02894211596581686,0.025494319914213397,-0.07968586538833809,-0.054941515432951823,0.11782091508139253,-0.19414948874930232,-0.06076932676159475,0.012980060094550657,-0.08700085543638038,-0.026706689673635348,-0.057583166112865396,0.09669107479696265,-0.023819977761662132,-0.05689876783960994,-0.27489516716932205,-0.1712450021169971,-0.18575751057836357,-0.15152137057022974,0.01905962302472419,0.016706186131438875,-0.04408215355978236,-0.0033336992893856247,-0.03258881352158508,0.0703561844823038,0.025503660024132103,0.054810528786115253,-0.001984942268184101,-0.014885115287645564,0.12082985807760305,0.0687768060572499,-0.003510838599939737,0.043949745692488516,0.03441083676993603,-0.22359783085717552,-0.13850965914115154,0.02993632496761021,0.014845797556834068,-0.02107306192064949,0.008229407283957211,-0.0264275213853578,-0.07281235137504297,-0.10567148020647447,-0.001215225110308423,-0.06966862518781274,0.158205446430977,-0.009764679118768478,-0.002195302607277885,-0.05788172876162107,0.020200732380554445,0.06288589102194506,-0.0025971828845912943,-0.03459074647845581,-0.022930547214970814,0.15463684792763707,0.02205735599754193,-0.11268255994918285,-0.017261002266545825,-0.13674874995074615,0.1250735555852006,0.05019828650369739,-0.09321882060370765,0.07837993116446312,0.0332608165865406,-0.04551427493472185,0.030214411970707393,0.05254947835345192,-0.0036740359801102204,-0.02567195441766945,0.07876432823085568,-0.04506137296381321,0.014330884131048846,-0.0002950756204406575,0.050196886010480404,0.10227663441305147,-0.03589835656723891,-0.012084817823630634,0.04089439186854198,-0.20269587460820274,0.12819304005395363,0.004846870388986794,-0.05035844257147563,-0.020804778057127753,-0.0016145556446151633,0.05631419028921717,0.09727401933787533,-0.0527128111945687,-0.005607553329502544,0.01881351006251473,-0.1968126508650501,0.15256775313822574,0.015998321135118614,-0.016059452652952926,-0.08296643997762508,0.15353816285371685,-0.125495368342924,0.186766596953189,0.2002861294954879,0.0693968839287991,-0.29901685382801885,-0.09591676346158919,-0.05247280823146524,-0.11361217944003564,-0.06372067377609378,0.18322374074677705,-0.03191728171552091
YearBuilt,-0.012712715387864986,0.12099873078612405,0.014227651757025108,0.07363916677404386,0.6246281398230866,0.5723227689623621,-0.37598319560698945,1.0,0.5928549763436517,0.31160010682860856,0.5981604780637493,-0.10392494437993262,0.6027970051299991,0.183114614506478,0.2896228864132248,0.3510023132711313,0.24950319668479728,-0.03951214342733745,-0.049106831196239105,0.14904039195440055,0.39145200206609515,0.4488551737966037,0.3818307517994984,0.2969847294492829,0.28198585869980203,0.010307659584364007,-0.18378434437372035,0.19900971367645817,0.18759854999714343,-0.038161805671233395,0.46827078717267356,0.2426559102410641,-0.07065121690473114,-0.17480024561497712,0.530165341082032,0.09558912829795176,0.14202638956811017,0.14771639941245646,0.22454514490311833,0.7739308946207746,0.5957814390487224,0.537850091711105,0.47895381989349045,0.28705428902748875,0.2910958538338111,0.3879610253989541,0.22488014230399753,0.18868584000173105,-0.38726778292807834,0.03135451306436602,-0.050364434538612085,0.004949727615942994,0.0007686383828750817,-0.18227273156883936,-0.03438313873672288,0.012398470595441014,-0.013617680001832121,-0.014648006243177223,0.7154471396854603,0.25566841249012107,-0.08508828285989592,0.11154637738581517,0.07253992261490114,0.01819707095449831,-0.01879293884933626,-0.12973637947671876,0.2376452588343679,-0.08918303479915528,0.2680638367794306,-0.3886825266275132,0.20439005369372906,0.07882135087137777,0.045472257190583905,-0.2345009877909981,-0.21545674173988386,0.04972253504945808,-0.006969082040212328,0.11832081862920356,-0.11909574110047634,-0.20603593233198844,-0.02606308565526722,0.08687806361861959,0.2384770479790841,-0.3924727385351293,-0.1228512537798174,0.12325508235188352,-0.14724360468498465,-0.16657363396871425,0.18721316223717552,0.03249040183256977,0.023713184294958646,-0.032641064028343,0.07638739625121875,-0.11322439428882682,-0.14820039393969167,-0.09747059068418308,0.10404227892808908,0.032255118138063955,-0.2096379711621638,-0.025574926939468355,0.023582575127210723,-0.17830950792831757,0.518734206594338,-0.40866380108725725,-0.07049228151874944,-0.14332124760195206,-0.04506199993646468,0.10718439499634694,0.022473332872049077,-0.19783008072984434,-0.0029013565026704833,-0.009801798384399835,-0.20943117900323013,0.5146085612952839,-0.3907454367381331,-0.10560397070750477,-0.040048135777470344,0.27527983831675756,-0.41714675400546763,0.28962554185467226,-0.5547422086057806,-0.29057377573326204,-0.08532927969475737,0.6511992774741336,-0.05003082673509384,-0.03851230085594885,0.47222949491420085,0.20154665291628696,-0.4871301671976399,-0.0680640752285509
YearRemodAdd,-0.021997641857531836,0.08454984078992271,0.013788427078155405,0.059104500753294355,0.49617037121613794,0.5506839241941718,0.07374149814528898,0.5928549763436517,1.0,0.17652918060206754,0.5873183936857583,0.07474503272966078,0.5150132979980411,0.18802674050927598,0.2214045359035666,0.22438285513747197,0.12845054712828863,-0.03915903518467297,-0.06775851356598696,0.181133087050169,0.29106558260416593,0.5500172865774626,0.29887802174153427,0.3141389739530876,0.24037926760355455,0.1400237788048644,-0.0624191000783318,0.2873885196503327,0.11946987911123993,-0.012337032127797673,0.43904648387234796,0.18333061171853482,-0.04058092806774943,-0.14959752104274646,0.6253160534232293,0.19173981629280684,0.07434126638037904,0.11258131843947555,0.1961032902843838,0.6590819393183528,0.4445412321542064,0.420622154943217,0.37159980949730914,0.1489245835023201,0.14408757109850232,0.13383778240782349,0.20572592049010355,0.22629763268298944,-0.19391914709920777,0.04528580981497696,-0.038740010742610125,0.005829372037106211,0.010013798896849347,-0.14989390263239524,-0.010286248783081431,0.021490002226876144,0.035743247121273615,0.024610971787200175,0.3600455731701205,0.16331815921150045,-0.0478155921936582,0.08378396554618606,0.05082375858997952,0.042880153482443194,-0.02986236730659602,-0.10729888151306669,0.20881638351734744,-0.06593888339045074,0.07422076964343946,-0.16181532598246431,0.12936237497334227,0.09190459181691428,0.043997722810915775,-0.1654315669543212,-0.1335264122043991,0.04721151139294671,-0.011805908966951384,0.06731274328781757,-0.02589803947334829,-0.09872383064995738,-0.13591740907064684,0.034699334102878364,0.1608404637413538,-0.24701967646213674,-0.10901612085470351,0.006070919917036376,-0.012554695827041882,-0.04203405360609752,0.21309757086770936,-0.019434126360725446,-0.03399597908869131,-0.019582349445314718,0.030136058579724862,-0.026028111991184745,-0.14770126743838505,-0.15206376353028747,0.09888616879324476,-0.0913339358352224,-0.1670275147564735,-0.04519077083704567,-0.07830023020755583,-0.07230509486890631,0.48453016339429283,-0.2045220526121981,-0.07365231158648883,-0.1599784170647252,-0.09046810105828815,0.10031747773365765,-0.08088934661788331,-0.16648665988754932,-0.056256093571814395,-0.10325823518683092,-0.09146881339048443,0.48483577724509747,-0.22745454523631328,-0.031453504279196874,-0.03981823306388381,0.0965180327376019,-0.23243268866919034,0.26017759200477963,-0.21399198638245454,-0.40963040347931196,-0.0011837273870845277,0.5697283889349438,-0.12339564456666217,-0.0473081813574668,0.269221330264885,0.1840431157452749,-0.3109212458321846,-0.06998980939213559
MasVnrArea,-0.051071401340883595,0.19582972842815746,0.10332050563046022,0.021082932095553186,0.4173113784590172,0.4072521235240135,-0.1256936336195368,0.31160010682860856,0.17652918060206754,1.0,0.34532911457731286,-0.018065445996186483,0.27748996577912105,0.0732097650356463,0.17511092748468493,0.18472816496044486,0.26125605491316184,-0.04498273890880772,-0.07132962764448492,0.1138621630816125,0.3600673680536385,0.15713011185720602,0.12640868046224457,0.09684362756414643,0.3398504136832498,0.17380000043557586,-0.06862797990733804,0.38805205222176065,0.08301004780135804,0.027402662333464174,0.272998855726434,0.1991075194121962,0.10277451613689098,-0.038450112080855844,0.2826198480701218,0.2795678875257759,0.08272479186275014,0.24701527736214357,0.2749498215105411,0.24427689064257813,0.27592134447560374,0.36194456617745635,0.37088415280889775,0.13494704869624627,0.13374850638553754,0.12708831925722705,0.15999052961835064,0.1225283318319016,-0.10990679726021643,0.019143784329513202,0.06224771119321618,0.011928394029596525,0.013228128115604717,-0.06318319474624605,-0.029512248657466458,-0.006723203934639965,-0.008316622580938527,0.07379584349058399,0.23853166612636745,0.061637791775512984,0.006493007462669668,0.052054061618509284,0.008344126638111182,0.0012715217568767118,-0.03746225373268009,-0.047398218736233094,0.0372655989246178,-0.02639575881525328,0.0924691343297355,-0.10886648824029056,0.10144847911488086,0.021758608444669272,-0.010809744474022519,-0.10472650103320108,-0.05881460018051945,0.018701771742585954,-0.03288525045762015,0.045089737041230815,-0.0218887635368301,-0.07170420277114342,0.00838494680762813,0.05125844295194707,0.030671122392358748,-0.13482376356970363,-0.0561598440737482,-0.0503313063070216,-0.042365048435845286,-0.04972882202527851,0.16955626357796177,-0.03380285982745005,0.03268870551703112,-0.23410869063593423,0.2631265294158191,-0.05174869968473484,-0.04342189513679557,-0.1051437271749426,0.042287063461332056,0.05403542715128674,-0.04692214113224045,-0.03961523484341306,0.014547902766742516,0.006577193059415322,0.13017959967099466,-0.1344944280280744,-0.03187692536005761,-0.043421895136795625,-0.07533383486922275,0.03307627606168021,0.06178261893827236,-0.046413431586422846,-0.015621770193413301,-0.008669757426745967,0.003495850585099711,0.1306840771773131,-0.14161252911831196,-0.04032238302773918,0.08151615065214175,0.5713282142280565,-0.6877368937680182,0.23367139859337235,-0.1773351157266522,-0.06574146913091408,-0.04495040100564796,0.18923580959496406,-0.03696475765075345,-0.005256473007950977,0.17221110546533178,0.11570558724617117,-0.18201096087454247,-0.028727448139964598
ExterQual,0.005038830639348179,0.166856906880183,0.05557005342864088,0.0865248310763978,0.6570012561901903,0.7262784907641406,-0.13894225490810438,0.5981604780637493,0.5873183936857583,0.34532911457731286,1.0,0.009183979533416039,0.5655580939963543,0.18504583435253122,0.24910062511738182,0.2261967097453051,0.20377749993823843,-0.06275077026643215,-0.07623624782346082,0.2847047122866226,0.47057955644292293,0.520026654079938,0.20611232537921856,0.2091911151590019,0.3978353748610635,0.17953032373028896,-0.06306156732584077,0.4359860588448978,0.12454980879375374,-0.05626133700109952,0.4839494160445381,0.19389167115058456,-0.01872859098087963,-0.15123587212090844,0.7161221955033015,0.2979027751875956,0.09357955191282617,0.24933461138710727,0.3617980012491556,0.5667392682454603,0.5190541754450954,0.526390181114874,0.4957776198440581,0.2190227252171138,0.2146800450003873,0.1916326281364664,0.207932087180417,0.29155311450112786,-0.1495888058226585,0.036934041402509256,0.012688232950204298,0.034766172393744535,0.05543523010076363,-0.20602380519471844,-0.03930981826985678,0.042789675047002346,-0.006744813277593113,-0.008317766205003326,0.355744751211474,0.17925234335405651,-0.034520134744059384,0.062155620418276665,0.029694829483022656,0.032330449392359316,-0.0198791342024166,-0.10066571832447475,0.20979448739033496,-0.08404979618368585,0.10903537659965042,-0.19852741639527352,0.15051627761736355,0.08498895291874836,0.04399171155124714,-0.18372695437348968,-0.13470087853920454,0.05383121096322573,-0.04040617581806546,0.07877573485148502,-0.012832442842311099,-0.134674324767077,-0.13896325641282475,0.006892428390624307,0.1817349331273521,-0.17854188785022593,-0.055611965323554106,0.006164916998289802,-0.03502515478452534,-0.04628711742749218,0.2043132130055894,-0.08083272901186214,-0.08522529601069109,-0.11176878024540755,0.1315943469516843,-0.040652043329601456,-0.09153488292809216,-0.05113515699177862,0.16606834260352346,-0.14582449234610115,-0.13038681341114394,-0.03059275463032236,-0.13108574899679554,-0.026645035461242857,0.4147800294082107,-0.19382119937438907,-0.03872929827589054,-0.09153488292809189,-0.017448403836321992,0.16976607335224553,-0.12979799368208694,-0.12387052867384098,-0.023813169763358115,-0.16192968630567534,-0.04775048134589689,0.412734221381162,-0.19552559341601514,-0.02280890014051827,-0.046597238703371305,0.15765971367648243,-0.3386634740750668,0.34730001962792,-0.19009843081564837,-0.46936694453152455,0.02190394866620495,0.6049014729702146,-0.09853439624108057,-0.0442989212330476,0.2980178169098544,0.21136052999519636,-0.30331883143677807,-0.10512800295956737
ExterCond,0.029859670348793794,-0.0061237807052048196,0.014731971620469762,0.03960981320327541,-0.06138929139404042,0.013952861150374174,0.38916311389974595,-0.10392494437993262,0.07474503272966078,-0.018065445996186483,0.009183979533416039,1.0,-0.019297395669287638,0.14475631587376364,0.005712934216037668,0.06058057225012183,0.040918808958479665,0.06965283896165685,0.06042891178150056,-0.07012820032438434,-0.005871812953530649,0.05551986579549046,0.09446944625029426,0.1499862818598279,-0.0013911681731658793,0.02478221776872844,-0.03232520534395892,0.016572613147898378,0.03803233551425576,0.0979736553845317,-0.0033254726109716313,-0.03381955173230986,0.015064736366488298,-0.050349711494138985,0.05759177239223918,0.0009938629676087113,0.08138410942767678,0.027900070149713414,0.0057230931654062255,-0.07281067193854121,-0.01601129640076992,-0.009376604945333234,0.02034024189625346,0.09492422037193653,0.10393993316346976,0.06914502738238253,0.04687398599885628,0.06328020339879191,0.035093982094674174,0.005196474953970463,0.028592884125896542,0.04438718368305002,0.05178449846498944,0.031016761111530053,0.05164863916650545,0.027243651796462837,0.008053232838026133,0.01421677287008588,-0.04019868290952291,-0.05486038813037451,0.03566896227914571,0.032963381272194336,-0.02131209748839894,-0.012480478881602915,-0.03874013414939669,-0.043438308344171464,-0.05139862678025865,-0.025064459068667992,-0.015191838870371911,0.06453012406085991,0.023035755654647418,0.006780832294800658,-0.019774155291003823,-0.021446372623043868,-0.002539457434768761,-0.01264317063475938,-0.025274340485269612,0.022247734546008136,0.08981232138937827,-0.08922581060291915,-0.03522854990812978,-0.00684732355540541,-0.04747324337445194,0.01354346377055307,-0.0034019319921066433,-0.018212954803768583,0.008764742689888107,0.04696554270076937,-0.0304638348603993,0.060953072553783204,0.02430578189482584,-0.006347211210671989,-0.014254457875311719,0.05570887078324196,-0.044852894432728184,-0.02337516431310207,-0.010703131170565873,-0.019299688264601662,0.10702197014173863,-0.044782015749169214,0.022187670305870603,-0.0163841260432478,-0.04507109740490789,0.004408406362500997,-0.002547190357507158,-0.061643977989595436,-0.016384126043247977,-0.009966534702200129,-0.0016632254898524199,0.10549871248368074,-0.0471711333634901,0.007471031474143154,-0.03206225323021069,-0.037418871764513896,0.014500825872295437,-0.026666192391683698,-0.00490505952258534,-0.005024064281076093,0.04032919265700632,-0.06001114697659215,0.05074525729476207,0.07490220707968892,-0.01875294543925765,-0.08276111018215172,-0.07683123404213868,0.015212327330521816,-0.02266521301487017,-0.01929998068118834,0.0736779391708254,-0.004834518903652915
BsmtQual,-0.028424516500401894,0.1432062538149714,0.07233553751949941,0.007085075541288567,0.5545779738911603,0.629379114364113,-0.16499645565460486,0.6027970051299991,0.5150132979980411,0.27748996577912105,0.5655580939963543,-0.019297395669287638,1.0,0.6337134125275649,0.39933911653423965,0.3773984587692889,0.30460735403067246,0.08540556777090912,-0.030991050330200387,0.25715771826874356,0.564298774429275,0.397168986007378,0.2771937873975383,0.27364943083317905,0.29359801460378704,0.1409869252557817,-0.05577487200473383,0.32795562615536367,0.2234951821629653,-0.013361559659187146,0.3712429593398348,0.2295606458816529,-0.03991267086986522,-0.27773120413860325,0.5109380404168207,0.18584582972595623,0.1294659862112432,0.22963493526501103,0.30733703804908213,0.5528810348665619,0.485183975151421,0.4491944357125126,0.40610906023983245,0.18223623943742503,0.19280511049762847,0.23731784728410188,0.25270254516031304,0.2539988660827412,-0.1815325757817225,0.00809681523218199,0.034395809278972185,0.026414849026005893,0.03337164224032591,-0.1514307573729915,-0.04440369387701099,0.01566249055886802,-0.021460872981557678,0.02688107900529083,0.3456834800652676,0.18188654921153496,-0.04193968224868811,0.07653755061707501,0.06649896674342588,0.015610938673925467,-0.03392056590707503,-0.04635204979932611,0.1562035728039501,-0.06626159138572493,0.09590630186711956,-0.17023215388509227,0.1864900428696819,0.07073685689591985,0.04842945259145277,-0.21474669022355025,-0.09929335866398382,0.10121993350056759,-0.013133757613641037,0.012568558094970808,0.0007801227758834036,-0.11474450973352766,-0.22536728771193393,0.03685648665576182,0.19302520686537056,-0.19675437397526246,-0.06294186026117544,-0.040718914769526784,-0.020250784218047702,-0.03055085321787601,0.18744420441873463,0.03434773589014739,-0.0029854430567482207,-0.05296191874304774,0.07314171535502843,-0.04806253944980367,-0.11285597945665243,-0.10940467506925829,0.12958643929873365,-0.07090064372344171,-0.1433232633746853,-0.08400827232744824,-0.02633301226032077,-0.09777410284517637,0.37815546973127206,-0.18580340563676748,-0.05151303577829514,-0.08595479904739307,-0.06161955911686293,0.13647892957645502,-0.058785486997741505,-0.13406234679440543,-0.07661463421538116,-0.07240199307476045,-0.08697784192556521,0.3790340098680143,-0.20442032602775367,-0.05196343317342844,-0.0491153127076126,0.15008331179738973,-0.29398476792060513,0.2830492890823516,-0.18605086385982555,-0.3139349024550853,-0.023983451570872668,0.5611511236282312,-0.5148041927836375,-0.035854722656990405,0.32104862449432847,0.1674002003368714,-0.34051692944415585,-0.06094846211651979
BsmtCond,0.010085420162205875,0.05475406337906894,0.031349186820972645,-0.026608375497923907,0.15721666563844883,0.26875855907447666,0.13236080442287182,0.183114614506478,0.18802674050927598,0.0732097650356463,0.18504583435253122,0.14475631587376364,0.6337134125275649,1.0,0.25568747648270446,0.29908885305313826,0.1658013623196704,0.24273038864972718,0.08190437346475943,0.1688210467379413,0.3725299684761655,0.17179706457166996,0.275793467876453,0.2399549258558557,0.053216717349538936,0.0571770592497346,-0.0336417249168555,0.08353609322737149,0.15646462610429274,0.06481138093656823,0.04209278017668755,0.13421390709246073,0.001995835976032721,-0.2680236183359662,0.18253544176676026,0.024584845094666824,0.10975400229941032,0.10250706184614256,0.1154392589365266,0.16881736776509487,0.18351617778868315,0.1426437150428018,0.14133167850465078,0.12874385062111632,0.14461727684079434,0.2019606925395841,0.12417427618562735,0.09670534790073362,-0.04119538732054858,-0.009149329224614791,0.03931131993286546,0.008097674679766995,0.0075205568623115055,0.040367424197587536,-0.023240157186398054,0.025060241972269887,-0.06028850696474626,-0.0023105993373901835,0.1161906841294658,0.06849909707003064,0.006822795804784118,0.0359797735714277,0.0004092899404332551,-0.01756083762151006,-0.023637894430879963,-0.020300857366495444,0.04951219131913724,-0.05910539622718422,0.030056111936259247,-0.0411369614305403,0.09355822502142001,0.027549169043416297,0.03988036447123728,-0.10767986329313681,-0.029927698164215324,0.02219888727910917,-0.03726789150529217,0.025844103261138156,0.08833501702601444,-0.06871435454149037,-0.23846931227536325,0.02053548965519915,0.06668210474469237,-0.0564733057616185,-0.01386695527492681,-0.056486693777882756,-0.02486895888305129,-0.018429047591590017,0.08344676768814561,0.011113239374271878,0.049512191319137436,0.0007301672405627789,-0.007473783563270044,0.01792671621341829,-0.08218682856739878,-0.05967995590615275,0.030817385910320978,0.04300810155757796,-0.03012515050896051,-0.11756580422646132,-0.023575914724602038,-0.05139597957758984,0.10000969438903495,-0.04133393331705859,-0.02165712514233995,-0.05016028860964014,-0.022700709909031017,0.03065529742416859,0.03368500270585215,-0.02833218390038817,-0.09434384997344485,-0.024122719857173097,-0.04042234930128139,0.10647376946043664,-0.06603589923170412,-0.011904068611872473,0.012010676400837547,0.0726639571272703,-0.10692282220666943,0.06286902682424418,-0.04756732624545027,0.028173127820980488,0.009284174799361035,0.17510613894418153,-0.687402934803469,-0.011823997603162882,0.1608503344463797,0.04549704506288171,-0.12038185933283206,-0.05589695724896959
